1000 1 
   9.0399042e-01
   9.4094745e-01
   8.0252037e-01
   2.4204518e-01
   9.7565678e-01
   3.1723156e-01
   8.1279194e-01
   6.9742575e-01
   2.6945296e-01
   5.8958131e-01
   8.3304708e-01
   3.6378189e-01
   7.0979417e-01
   3.3828484e-01
   4.6575558e-02
   7.6355338e-01
   7.3848928e-01
   9.4103316e-01
   2.1959898e-01
   3.3550812e-01
   4.0308187e-01
   6.0795843e-01
   1.4670977e-01
   3.9192661e-01
   2.1460587e-01
   5.0623162e-01
   4.3133938e-01
   8.0744033e-01
   4.7528352e-01
   9.1903805e-01
   3.8009795e-01
   4.7711341e-01
   9.9082497e-01
   1.7075206e-01
   4.9977866e-01
   7.4099102e-01
   7.7153656e-01
   3.9568379e-01
   7.8150956e-01
   3.4863083e-01
   9.4267918e-02
   3.3558142e-01
   8.9692404e-02
   4.3899104e-01
   2.3758604e-01
   6.0418296e-01
   9.1202754e-01
   7.3492695e-01
   4.3640050e-01
   3.3410848e-01
   1.7562311e-01
   4.0811139e-01
   1.7694928e-01
   7.7721507e-02
   7.2278290e-01
   3.5346094e-01
   9.6711273e-01
   5.2619242e-01
   1.4504896e-01
   1.2911937e-01
   3.8512797e-02
   8.7927013e-01
   2.1907320e-01
   4.9550313e-01
   1.0592779e-01
   5.7364803e-01
   7.6140645e-01
   1.5181791e-01
   8.8187996e-03
   1.9084018e-01
   8.5574956e-01
   2.8213058e-01
   9.9991842e-01
   7.0747339e-01
   4.3084451e-01
   8.2819034e-02
   2.3487863e-01
   1.0037788e-01
   1.9148458e-02
   5.3288369e-01
   6.7554318e-01
   3.9463344e-01
   7.6091904e-01
   6.6421005e-04
   7.7223209e-01
   7.1977301e-01
   6.9728522e-01
   4.6166403e-01
   4.7400144e-01
   2.9695626e-01
   4.7258983e-01
   8.0801089e-01
   1.1270608e-01
   3.0436382e-01
   6.4756878e-01
   1.7393425e-01
   3.0192609e-02
   6.3218367e-01
   3.1218241e-01
   6.3670843e-01
   6.4520739e-01
   4.7095115e-01
   2.6193246e-01
   1.9784617e-01
   6.5495705e-01
   9.9047171e-02
   5.3684190e-01
   9.9160115e-01
   8.6392927e-01
   3.4523142e-01
   3.5230596e-01
   9.9949485e-02
   2.0314593e-01
   5.9919853e-01
   8.5548900e-01
   5.6475441e-01
   6.3339387e-01
   7.2669583e-01
   9.0211994e-01
   7.2977808e-01
   9.9158704e-01
   6.2633365e-01
   9.2926531e-01
   1.1340897e-01
   3.0996543e-01
   9.5935557e-01
   1.7392980e-01
   3.6954842e-01
   3.4547454e-01
   3.4303900e-02
   9.8189504e-01
   5.2215962e-01
   7.7631875e-02
   8.3435881e-01
   5.7882135e-01
   5.8439249e-01
   2.2988185e-01
   4.5250789e-01
   2.2024723e-01
   5.2124231e-01
   8.7140355e-01
   1.2924043e-01
   9.1061074e-01
   3.2801109e-01
   8.1309121e-01
   2.7335659e-01
   8.9494534e-02
   7.5413300e-01
   9.2853586e-01
   4.1075397e-01
   2.0063910e-01
   7.6307292e-01
   4.6589950e-02
   7.7137499e-01
   4.0919630e-01
   8.9327618e-01
   3.3363151e-01
   2.5661128e-01
   2.6266412e-01
   3.8867036e-01
   4.9683308e-01
   3.0224390e-01
   3.0780671e-01
   2.8944395e-02
   2.6132190e-01
   1.0642051e-01
   7.4890812e-02
   6.5007743e-01
   1.1822160e-01
   5.4963403e-01
   3.7678460e-01
   8.8507981e-01
   4.4020690e-01
   3.8415444e-01
   6.7108103e-01
   7.4629546e-01
   4.9526831e-01
   2.5208147e-01
   6.8013622e-01
   4.6074940e-01
   8.2108435e-01
   7.5634904e-01
   9.7935845e-01
   3.2030468e-01
   5.0675822e-01
   6.8111355e-01
   1.9686481e-01
   9.8709628e-01
   2.1795163e-01
   2.5292896e-01
   9.7727199e-01
   1.5160782e-01
   8.9436979e-01
   5.8130377e-01
   4.8497396e-01
   1.8500202e-01
   4.6294760e-01
   8.8089776e-01
   3.3415571e-01
   2.4753127e-01
   1.4917484e-01
   8.3508625e-01
   1.2447172e-01
   9.8459753e-01
   4.2556530e-01
   1.9501179e-01
   1.5167710e-01
   3.5830602e-01
   7.2556744e-01
   8.4770489e-01
   7.5081729e-01
   2.4927989e-02
   4.4050779e-01
   3.9129876e-01
   9.3401741e-01
   8.5086438e-01
   3.4706745e-01
   2.0366821e-01
   6.0299116e-01
   6.3156849e-01
   2.1861498e-01
   1.3843799e-01
   2.3610204e-01
   3.6728453e-01
   8.1735468e-01
   3.8990620e-01
   5.8825895e-01
   5.8177817e-01
   3.7483936e-01
   9.3922816e-01
   7.1736255e-01
   2.4374180e-01
   3.9544991e-01
   8.2766136e-01
   4.5837552e-01
   1.7147143e-01
   5.7748319e-01
   4.0448872e-01
   9.3733123e-01
   2.9114866e-01
   6.8330873e-01
   7.3960216e-01
   9.5218422e-03
   7.3219118e-01
   8.7008933e-01
   5.5066618e-01
   9.2315273e-01
   8.6363659e-01
   7.9617091e-01
   2.1233857e-01
   3.0693849e-01
   1.7186337e-01
   1.9325876e-02
   7.2826274e-01
   7.7001634e-01
   4.4833803e-01
   8.0433321e-02
   3.1117812e-01
   6.9442517e-01
   6.9855869e-01
   9.2810434e-01
   5.6651119e-01
   8.3613846e-02
   7.9874536e-01
   1.7763712e-01
   6.5947590e-01
   2.8357869e-01
   8.3517307e-01
   9.2613562e-01
   8.1204471e-01
   7.8017273e-01
   3.3459266e-01
   4.4738101e-01
   9.6304280e-01
   5.4924552e-01
   3.3187384e-01
   7.2407264e-01
   2.3455633e-01
   6.0323560e-02
   1.0395414e-01
   5.2308451e-01
   2.2698264e-01
   3.8529943e-01
   5.5313969e-01
   3.2732209e-01
   2.0831882e-01
   4.2710222e-01
   6.3122118e-01
   6.6511640e-01
   4.2932929e-01
   1.6023308e-02
   5.2866678e-01
   8.1663091e-01
   2.6879290e-02
   6.3856413e-01
   8.2343949e-01
   6.9368738e-01
   9.0244691e-01
   7.7555267e-01
   6.0451246e-01
   4.1609313e-01
   1.5319590e-01
   4.6654810e-01
   7.7917654e-01
   8.1901167e-01
   2.4689205e-01
   6.3118637e-01
   5.0500829e-02
   2.6483339e-01
   9.1336852e-01
   8.7414744e-01
   4.2358046e-01
   1.6407889e-01
   6.6568087e-01
   4.7428473e-01
   1.0301082e-01
   2.9216921e-01
   7.2660675e-02
   6.9321779e-01
   3.1170157e-01
   3.4670909e-01
   6.4095423e-01
   5.2207624e-01
   2.4685990e-02
   8.7446273e-01
   5.7230393e-01
   9.4577092e-01
   5.9141772e-01
   2.9058765e-01
   7.6695050e-01
   6.8877231e-01
   4.4260626e-01
   5.7184449e-01
   3.2632261e-01
   1.1764525e-01
   6.7857401e-01
   2.0203633e-03
   5.2853407e-01
   1.4895048e-01
   8.3065563e-02
   3.1101566e-01
   7.5663752e-01
   3.8190270e-01
   2.1161414e-01
   2.6418118e-01
   1.3712707e-01
   1.7233942e-01
   4.3792890e-01
   6.1948763e-01
   1.2934740e-01
   9.2442174e-01
   6.8251245e-01
   4.7421796e-01
   1.4764737e-01
   5.9381091e-01
   1.4755859e-01
   8.2943468e-01
   1.7538696e-01
   1.8706027e-01
   8.7872494e-01
   1.4504463e-01
   6.5589580e-01
   5.8710843e-01
   3.5374067e-01
   2.1295097e-01
   2.9794714e-01
   5.6403569e-01
   2.2586483e-01
   6.6235871e-01
   5.9350493e-01
   8.7195730e-01
   5.9243400e-01
   7.8020856e-03
   3.1145237e-01
   1.5475925e-01
   1.2763398e-01
   2.5640401e-02
   9.2876465e-01
   2.0391551e-01
   4.6956989e-01
   8.9557955e-01
   7.7311346e-01
   8.4690652e-01
   8.8790123e-01
   4.8898392e-01
   3.6405292e-01
   6.0440809e-01
   6.0146684e-01
   8.3396071e-01
   9.8429903e-01
   6.4021697e-01
   5.7885920e-01
   8.8738013e-01
   8.9052044e-01
   1.7198565e-01
   5.2909660e-01
   4.0895266e-02
   2.2075440e-01
   8.7994392e-01
   5.3613426e-02
   7.6507297e-01
   1.0216368e-01
   3.9414959e-01
   5.3059140e-02
   1.8385014e-01
   2.2446924e-01
   3.2076967e-01
   7.3645335e-01
   1.2191737e-01
   2.9975693e-01
   8.3320077e-01
   2.2013633e-01
   4.3018962e-01
   2.8736810e-01
   8.7465813e-01
   9.7468168e-01
   4.9104264e-01
   1.5591497e-02
   2.7297699e-01
   9.9100416e-01
   2.0499974e-01
   7.8376472e-01
   8.4174089e-01
   8.9907418e-01
   9.6325177e-01
   5.9721056e-01
   4.9838489e-01
   9.2300553e-01
   8.0521727e-01
   2.8609396e-01
   9.8005971e-01
   8.1628965e-01
   2.4008907e-02
   9.3421456e-02
   6.1155094e-01
   3.3558475e-01
   7.8442924e-01
   7.7970771e-01
   7.5537211e-01
   7.2063497e-01
   6.4600742e-01
   9.7626221e-02
   4.2717817e-01
   7.2354634e-01
   6.4391707e-01
   7.5685944e-01
   6.6877837e-01
   5.7283224e-01
   8.1547357e-01
   9.0966894e-01
   7.8551547e-01
   8.3367355e-01
   1.6420717e-01
   5.9206751e-01
   9.4909149e-01
   9.0903998e-01
   1.4054625e-02
   6.3365314e-01
   4.7515750e-01
   8.0031460e-03
   5.8073053e-01
   1.2027812e-01
   4.6611309e-01
   9.0350263e-01
   9.3376540e-01
   5.5053785e-01
   5.4176009e-01
   1.0991267e-01
   2.9880217e-01
   7.2365708e-01
   3.1315002e-01
   4.3408588e-01
   7.9533192e-01
   9.2109530e-01
   3.3454864e-01
   4.7227601e-01
   8.0468360e-01
   7.7135974e-01
   7.0035555e-02
   5.0597765e-01
   5.5453802e-01
   3.4613182e-01
   3.1905921e-01
   1.7401203e-01
   8.9621868e-01
   7.9682454e-01
   3.8487066e-01
   6.6685902e-01
   2.5004885e-01
   6.4461475e-01
   3.6653678e-01
   2.5692212e-01
   7.4394976e-01
   3.8892046e-01
   4.9430750e-01
   5.4348975e-01
   7.6817109e-01
   9.3102149e-01
   5.1516532e-02
   6.5172696e-01
   1.8650189e-01
   3.0251885e-01
   1.7721194e-01
   6.1809895e-01
   8.3855659e-01
   1.7461251e-03
   4.5537621e-01
   7.9875923e-01
   7.3883209e-01
   2.7760537e-01
   8.2476904e-01
   5.7350777e-01
   3.9756749e-01
   5.5644714e-02
   6.0828515e-01
   7.5312121e-02
   5.5408387e-01
   1.0693920e-01
   9.5083294e-01
   5.0831262e-01
   8.6016309e-01
   1.6513692e-01
   9.8668629e-01
   1.0065814e-01
   3.7755194e-01
   7.4295801e-01
   5.6384415e-01
   1.6267302e-01
   5.3927427e-01
   9.7448000e-01
   8.3872529e-01
   1.2293745e-01
   4.8877022e-01
   5.2470773e-02
   6.0245018e-01
   4.1101402e-01
   7.0382761e-01
   3.5345742e-01
   2.4791902e-02
   5.4965363e-01
   4.8867760e-01
   5.2728898e-01
   3.9119397e-01
   7.5479996e-02
   2.8704415e-01
   8.9986222e-01
   7.4328826e-01
   3.0575498e-01
   9.3072891e-01
   4.5198710e-01
   2.5273900e-01
   7.1281541e-02
   9.9795190e-01
   5.5832361e-01
   1.4443044e-01
   6.8504899e-01
   7.7400149e-01
   1.3352207e-01
   5.2383029e-01
   2.0554842e-01
   5.1089896e-01
   8.1979485e-01
   1.1836240e-01
   7.3106659e-03
   2.0483403e-01
   2.7588558e-01
   2.1067157e-01
   1.5616480e-02
   9.7247905e-01
   5.0026891e-01
   6.3789160e-01
   9.6794300e-01
   8.9735312e-01
   9.4421216e-01
   3.9644582e-01
   4.3041476e-01
   1.6062777e-01
   4.2918071e-01
   5.0192917e-01
   5.2335230e-01
   9.4523996e-01
   8.4493164e-01
   7.7345820e-01
   6.4042924e-01
   9.5976121e-02
   6.5948583e-01
   3.8370393e-01
   9.7507933e-03
   6.4731153e-01
   9.9894509e-01
   5.5491824e-01
   8.4717166e-01
   7.0013454e-01
   7.6348264e-01
   3.5457668e-01
   8.5370585e-01
   9.2206379e-02
   5.4659523e-01
   7.1305919e-01
   3.9815409e-01
   2.8333091e-01
   3.0930135e-01
   4.1503379e-01
   3.0900743e-01
   3.5840000e-02
   7.9356533e-01
   7.1757457e-01
   4.2752801e-01
   7.8464075e-01
   8.4310237e-01
   1.6046612e-02
   1.5911522e-01
   4.8420204e-01
   4.6157151e-01
   9.9722151e-01
   8.9295275e-01
   7.0663162e-01
   8.1683320e-01
   3.9310158e-01
   4.1229535e-01
   5.4793578e-01
   4.4643574e-01
   2.6276634e-01
   2.5142219e-01
   9.8136657e-01
   9.8316778e-01
   8.8992316e-01
   8.3413557e-01
   9.2791377e-01
   9.4261659e-01
   7.7964605e-01
   7.0040607e-01
   9.6922848e-01
   2.7621614e-01
   2.5633489e-01
   6.8828248e-01
   2.1716122e-02
   2.4120945e-02
   3.9319299e-02
   4.9299008e-01
   9.2003085e-01
   8.7501445e-01
   9.5502551e-01
   2.2034340e-01
   4.7711372e-01
   6.0214386e-01
   9.4118364e-01
   4.4492108e-01
   6.8274874e-01
   6.4014914e-01
   9.1000334e-01
   1.0981783e-01
   7.4243983e-01
   6.4686761e-01
   4.5028990e-01
   2.4990010e-01
   8.5029324e-01
   5.6889958e-02
   7.7378341e-02
   2.9683246e-01
   4.0174616e-01
   3.7317523e-01
   7.3728480e-01
   4.5335945e-01
   4.2500907e-01
   9.3693572e-01
   5.5345799e-01
   6.4775043e-01
   5.7488337e-01
   2.1937546e-01
   6.5112750e-01
   6.9213258e-01
   5.6347769e-01
   5.7746365e-01
   6.1927942e-01
   8.3786413e-01
   6.2528188e-01
   3.2839794e-01
   2.1749227e-01
   2.7541043e-01
   2.9596992e-01
   2.8506133e-02
   6.7198838e-01
   9.5242396e-01
   1.0429842e-01
   8.1304674e-01
   5.9265224e-01
   7.7151489e-02
   3.3444863e-01
   8.5954645e-01
   6.2314764e-01
   3.4116684e-01
   5.2912034e-01
   7.2152509e-01
   1.2278770e-01
   7.9361768e-01
   4.3750406e-01
   3.9594576e-01
   8.5565254e-01
   3.7749192e-02
   9.3018601e-01
   6.8009088e-02
   2.7125322e-01
   3.1681878e-01
   7.3719362e-01
   4.5297836e-02
   8.2572899e-01
   6.9942407e-01
   4.6038891e-01
   8.0229780e-01
   9.1192413e-01
   6.8270156e-01
   6.5590608e-01
   8.4949935e-02
   2.2997693e-01
   3.4200582e-01
   4.1399634e-01
   6.7254925e-01
   9.8256627e-01
   6.3722006e-01
   4.9941973e-01
   5.3972734e-01
   1.0896182e-02
   3.6790015e-01
   4.2190645e-01
   2.5361842e-01
   4.1882673e-01
   7.8145937e-01
   6.5352818e-01
   4.8583736e-01
   5.7495560e-01
   4.3853165e-01
   8.5309222e-01
   2.1472018e-01
   2.7701193e-01
   4.3046119e-01
   5.0965637e-01
   4.1476299e-02
   8.1053073e-03
   2.2328763e-01
   7.9911738e-02
   5.4006205e-01
   5.3571610e-01
   5.4303893e-01
   8.3168630e-01
   1.5888438e-01
   1.1507696e-01
   1.0045153e-01
   2.9974608e-01
   1.1984890e-01
   3.2070634e-01
   9.5383119e-01
   2.7735563e-01
   4.8776233e-01
   5.0073262e-01
   7.6940537e-01
   6.0285065e-01
   1.2307698e-01
   7.2111287e-01
   7.2995077e-01
   8.8186141e-01
   5.8886570e-01
   3.9269067e-01
   8.5735488e-01
   5.7714324e-01
   8.5341365e-01
   7.7333119e-02
   5.5550244e-01
   2.5709402e-01
   1.9258894e-01
   7.8183617e-01
   8.9276176e-02
   5.2793677e-01
   9.8374002e-01
   2.3779738e-01
   5.1704161e-01
   3.5565622e-01
   3.1237805e-01
   9.2118877e-01
   3.5236534e-01
   6.4291460e-01
   7.8017423e-01
   9.2648607e-01
   3.6835586e-01
   5.8074675e-01
   1.7337480e-01
   5.6060469e-01
   9.4488472e-01
   6.0745021e-01
   3.0641665e-02
   4.1100791e-01
   6.0123962e-01
   2.5640527e-01
   7.4875331e-01
   2.2946191e-01
   5.8719246e-01
   6.6541239e-01
   7.3735752e-01
   1.3271655e-01
   1.1854875e-01
   2.8497812e-03
   9.1693678e-01
   7.3338359e-02
   5.3363284e-01
   2.2192907e-01
   3.8052498e-01
   3.4629165e-01
   4.2684166e-01
   9.3915451e-01
   5.3956970e-01
   8.4202426e-02
   8.6489323e-01
   8.4949707e-01
   8.8004829e-01
   5.6988171e-01
   7.5830419e-01
   2.6442748e-02
   6.7717743e-01
   9.2763860e-01
   1.9146369e-01
   1.2337195e-02
   8.6237600e-01
   2.6778085e-01
   3.7443329e-01
   5.4739750e-01
   6.0430705e-01
   9.5493642e-01
   1.0971934e-03
   6.7512331e-01
   9.1460182e-01
   4.3342876e-01
   2.9399487e-02
   1.4045619e-01
   6.7490039e-01
   6.9783698e-01
   1.6171773e-01
   2.1958484e-01
   9.4731030e-01
   3.8451026e-01
   3.0954173e-01
   4.0428473e-01
   1.4589182e-01
   4.4532643e-01
   9.6239229e-01
   8.7939845e-02
   2.3752664e-01
   7.5134832e-01
   8.5949860e-01
   9.9223402e-01
   6.8598287e-01
   3.1537972e-01
   1.0321291e-02
   5.4601937e-01
   9.5008635e-02
   8.2305177e-01
   9.3011969e-01
   8.3124798e-01
   4.4489416e-01
   7.1611998e-01
   3.7953606e-01
   9.1640919e-01
   7.4346451e-01
   4.6813610e-01
   4.5447281e-02
   9.4853986e-01
   9.4683691e-01
   8.9303351e-01
   2.3057679e-01
   6.8014884e-01
   4.2762438e-01
   6.2474573e-01
   6.4738642e-01
   9.3811750e-01
   7.1860934e-01
   2.4521314e-01
   2.1022958e-01
   2.6557052e-01
   2.3339370e-01
   6.5695801e-01
   5.5220158e-01
   1.2776917e-01
   7.7874728e-01
   3.2452400e-01
   9.5756921e-01
   7.1303988e-01
   8.6210025e-01
   7.3523657e-01
   6.5444640e-01
   4.1158251e-01
   7.4246240e-01
   7.9616993e-01
   5.9897427e-02
   8.9650511e-01
   9.2401820e-01
   9.3428557e-01
   7.4633602e-01
   2.0282905e-01
   8.5803362e-02
   4.3205026e-01
   2.9019681e-01
   2.3477899e-01
   8.5908695e-01
   5.6632855e-01
   3.9550349e-01
   6.7431482e-01
   6.4626473e-01
   9.4683975e-01
   7.3147725e-01
   7.1513062e-01
   7.2504531e-01
   1.1218320e-01
   7.1336199e-01
   9.4912674e-01
   7.4858939e-01
   3.6375607e-01
   4.7759312e-01
   8.0874338e-01
   5.8943078e-03
   1.5380142e-01
   6.8807157e-01
   5.2274984e-01
   6.4343372e-01
   1.0071128e-01
   2.1335352e-01
   6.9195916e-01
   9.0255241e-01
   1.9034064e-02
   5.9571602e-01
   9.2004286e-01
   1.1842759e-01
   1.0899200e-01
   8.0494617e-01
   4.8436801e-02
   6.2249577e-01
   6.9818973e-01
   7.5263119e-01
   2.5228852e-03
   1.0320014e-01
   4.2838304e-01
   9.5284359e-01
   7.7674159e-01
   2.6880634e-01
   8.8824688e-01
   5.1195427e-01
   3.0364479e-01
   5.7762608e-01
   8.7142181e-01
   9.8226148e-01
   1.8457520e-01
   2.3349921e-01
   7.7380803e-01
   3.2660258e-01
   7.7297521e-01
   9.1717953e-01
   1.6630515e-02
   4.3958929e-01
   2.8883730e-01
   4.7044767e-01
   9.1722101e-01
   8.1280974e-01
   2.3927262e-01
   9.0015119e-01
   5.4178602e-01
   8.6428304e-01
   1.7231438e-01
   5.2888568e-01
   5.8802094e-01
   5.5781837e-01
   2.5896575e-01
   9.0664150e-01
   4.4784842e-01
   7.9079880e-01
   5.1372463e-01
   6.4984078e-01
   4.5592028e-01
   1.8989864e-01
   6.1563218e-01
   1.1496266e-01
   1.6855619e-01
   8.0507333e-01
   9.5052862e-01
   3.4951311e-01
   7.2301492e-01
   2.2035589e-01
   4.6196762e-01
   8.0844062e-01
   2.9439905e-02
   5.5621878e-01
   8.6780807e-02
   2.9566600e-01
   2.6587498e-01
   8.5678085e-01
   1.8145392e-01
   7.0999280e-01
   8.4759251e-01
   4.4029472e-01
   6.8935445e-02
   8.7811132e-01
   3.4190581e-01
   3.7105802e-01
