1000 1 
   7.3881014e-04
   7.6640524e-04
   6.3440462e-04
   7.0407774e-05
   8.0381501e-04
   1.5529310e-04
   6.4433624e-04
   5.2598125e-04
   1.0399923e-04
   4.2077161e-04
   6.6357842e-04
   1.9648672e-04
   5.4511198e-04
   1.6848449e-04
  -1.1903008e-04
   5.9556237e-04
   5.6810621e-04
   7.7458957e-04
   5.1242540e-05
   1.6538682e-04
   2.3842619e-04
   4.3998549e-04
  -1.9441168e-05
   2.3024783e-04
   4.5910874e-05
   3.3897025e-04
   2.6303459e-04
   6.3804199e-04
   3.0489196e-04
   7.5340745e-04
   2.1205398e-04
   3.0914366e-04
   8.1905031e-04
   5.4581307e-06
   3.3021097e-04
   5.7229845e-04
   6.0148970e-04
   2.2574393e-04
   6.1399187e-04
   1.7968279e-04
  -7.5632564e-05
   1.6760696e-04
  -7.8296025e-05
   2.7366251e-04
   6.8145165e-05
   4.3813736e-04
   7.4078597e-04
   5.6463743e-04
   2.6646935e-04
   1.6820039e-04
   8.6876935e-06
   2.4285262e-04
   7.8698586e-06
  -8.9580031e-05
   5.5343560e-04
   1.8267778e-04
   7.9971052e-04
   3.6020293e-04
  -2.6220160e-05
  -3.5102994e-05
  -1.3085974e-04
   7.1279567e-04
   5.1008196e-05
   3.2680076e-04
  -6.3500914e-05
   4.0799259e-04
   5.9592338e-04
  -1.5735502e-05
  -1.6273871e-04
   2.1169219e-05
   6.8839430e-04
   1.1571951e-04
   8.3177987e-04
   5.3370656e-04
   2.6183953e-04
  -8.7577655e-05
   6.7611988e-05
  -6.3337873e-05
  -1.5366610e-04
   3.6814440e-04
   5.0778054e-04
   2.2117147e-04
   5.9305325e-04
  -1.6385873e-04
   6.0188442e-04
   5.5122362e-04
   5.2581118e-04
   2.9232616e-04
   3.0240682e-04
   1.2784382e-04
   3.0498704e-04
   6.3928463e-04
  -5.5893503e-05
   1.4163397e-04
   4.8063752e-04
   5.6927691e-06
  -1.4049136e-04
   4.6825556e-04
   1.4348032e-04
   4.6674582e-04
   4.7776146e-04
   3.0602413e-04
   9.6996862e-05
   2.8562800e-05
   4.8575876e-04
  -6.7901424e-05
   3.6408609e-04
   8.1561472e-04
   6.9433581e-04
   1.7358127e-04
   1.8134790e-04
  -6.7000446e-05
   3.5714557e-05
   4.2972596e-04
   6.8635646e-04
   3.9600167e-04
   4.6444936e-04
   5.6638171e-04
   7.3785345e-04
   5.6257836e-04
   8.2278373e-04
   4.6026744e-04
   7.6124414e-04
  -5.5924946e-05
   1.4228066e-04
   7.9415886e-04
   8.7853483e-06
   1.9326480e-04
   1.7848743e-04
  -1.3409118e-04
   8.1710438e-04
   3.4904378e-04
  -9.2900210e-05
   6.6406506e-04
   4.0826799e-04
   4.1560511e-04
   5.5962847e-05
   2.8878358e-04
   5.0631145e-05
   3.5037894e-04
   7.0693828e-04
  -4.1118408e-05
   7.4250433e-04
   1.6549528e-04
   6.4797809e-04
   1.0695964e-04
  -7.6207958e-05
   5.8805598e-04
   7.6459094e-04
   2.4372070e-04
   3.5046230e-05
   5.9582117e-04
  -1.2082898e-04
   6.0068528e-04
   2.4013868e-04
   7.2721432e-04
   1.6591512e-04
   8.2123368e-05
   8.8010767e-05
   2.1800065e-04
   3.2643900e-04
   1.3271436e-04
   1.3593268e-04
  -1.3197079e-04
   9.5129794e-05
  -6.1345799e-05
  -9.4984391e-05
   4.8541068e-04
  -4.4179106e-05
   3.8002533e-04
   2.0783942e-04
   7.1669981e-04
   2.7181728e-04
   2.1193746e-04
   5.0204730e-04
   5.8158714e-04
   3.2849919e-04
   8.4194556e-05
   5.1402012e-04
   2.8967963e-04
   6.4753163e-04
   5.8460710e-04
   8.1312222e-04
   1.5022029e-04
   3.4330497e-04
   5.1160678e-04
   2.9700820e-05
   8.2181836e-04
   4.9700182e-05
   8.5161346e-05
   8.1596446e-04
  -2.0570671e-05
   7.2890291e-04
   4.1351830e-04
   3.1757962e-04
   1.6578937e-05
   2.9409140e-04
   7.1425674e-04
   1.6898708e-04
   7.6402555e-05
  -1.6089191e-05
   6.6630884e-04
  -4.2965686e-05
   8.1087842e-04
   2.5754241e-04
   2.1140766e-05
  -1.1380136e-05
   1.8809155e-04
   5.6199297e-04
   6.7819701e-04
   5.8487684e-04
  -1.3960262e-04
   2.6866433e-04
   2.2622995e-04
   7.7028089e-04
   6.8286452e-04
   1.7701580e-04
   3.2886387e-05
   4.4005012e-04
   4.5934602e-04
   5.0032848e-05
  -3.4033015e-05
   6.5667601e-05
   1.9428349e-04
   6.4904567e-04
   2.2160660e-04
   4.1849942e-04
   4.0958160e-04
   2.0294789e-04
   7.7022365e-04
   5.4985637e-04
   7.6323171e-05
   2.2569636e-04
   6.6221529e-04
   2.8925384e-04
   3.6280658e-06
   4.0822735e-04
   2.3440834e-04
   7.7175703e-04
   1.2921052e-04
   5.1038886e-04
   5.6716209e-04
  -1.5852478e-04
   5.6714227e-04
   7.0010763e-04
   3.8106966e-04
   7.5236799e-04
   6.9637820e-04
   6.2989161e-04
   4.5101757e-05
   1.3780296e-04
  -5.9791857e-07
  -1.4957272e-04
   5.5999457e-04
   6.0139439e-04
   2.8386549e-04
  -8.3021944e-05
   1.4783194e-04
   5.2899644e-04
   5.2519409e-04
   7.5953751e-04
   3.9601458e-04
  -8.2590403e-05
   6.2809651e-04
   8.8373181e-06
   4.9463607e-04
   1.1464853e-04
   6.6850714e-04
   7.6143615e-04
   6.4242267e-04
   6.1578399e-04
   1.7284128e-04
   2.8044156e-04
   7.9708028e-04
   3.7782528e-04
   1.6308657e-04
   5.5652705e-04
   6.8707420e-05
  -1.1203517e-04
  -6.6633959e-05
   3.5384432e-04
   5.5267643e-05
   2.2136116e-04
   3.8899543e-04
   1.5970116e-04
   3.6436590e-05
   2.6014849e-04
   4.6503140e-04
   4.9858286e-04
   2.6024885e-04
  -1.5302121e-04
   3.6362004e-04
   6.4558489e-04
  -1.3925513e-04
   4.6571973e-04
   6.5626340e-04
   5.3121937e-04
   7.3965960e-04
   6.0950223e-04
   4.3202194e-04
   2.4984957e-04
  -1.5955993e-05
   2.9574361e-04
   6.1360476e-04
   6.4619863e-04
   7.7150960e-05
   4.6600969e-04
  -1.1930289e-04
   9.4600250e-05
   7.5123273e-04
   7.0710615e-04
   2.5352946e-04
  -4.7526597e-06
   4.9808528e-04
   3.0958312e-04
  -6.7246417e-05
   1.1971202e-04
  -9.3595000e-05
   5.2704421e-04
   1.4079089e-04
   1.7912385e-04
   4.7030415e-04
   3.5479211e-04
  -1.3832345e-04
   7.1473522e-04
   4.0385013e-04
   7.7800027e-04
   4.1756065e-04
   1.2171928e-04
   5.9905509e-04
   5.1967421e-04
   2.7690423e-04
   4.0365823e-04
   1.5989805e-04
  -5.1948474e-05
   5.0858149e-04
  -1.6410521e-04
   3.5636762e-04
  -1.7318101e-05
  -7.8602374e-05
   1.4401214e-04
   5.8970206e-04
   2.1481188e-04
   4.4779916e-05
   9.9231443e-05
  -3.3134597e-05
   1.1469587e-06
   2.6733407e-04
   4.5208284e-04
  -4.3770124e-05
   7.5514888e-04
   5.2310123e-04
   3.0885291e-04
  -2.0284298e-05
   4.2461091e-04
  -1.4058589e-05
   6.6253675e-04
   7.7584994e-06
   1.6253169e-05
   7.0853583e-04
  -2.4097707e-05
   4.9119800e-04
   4.1608872e-04
   1.8375835e-04
   4.7822884e-05
   1.3204581e-04
   3.9494869e-04
   5.6270472e-05
   4.9433929e-04
   4.2488144e-04
   7.0683996e-04
   4.1955420e-04
  -1.5846839e-04
   1.4899844e-04
  -7.7695934e-06
  -3.9000916e-05
  -1.4779598e-04
   7.5744509e-04
   3.5242798e-05
   2.9730870e-04
   7.2589230e-04
   6.0503479e-04
   6.7578059e-04
   7.1769590e-04
   3.2561442e-04
   1.9428345e-04
   4.3821120e-04
   4.3027428e-04
   6.6880314e-04
   8.1950964e-04
   4.7554891e-04
   4.0967224e-04
   7.2076256e-04
   7.1940251e-04
   6.3543246e-06
   3.6084410e-04
  -1.3195533e-04
   5.4766642e-05
   7.1060171e-04
  -1.1150554e-04
   5.9323290e-04
  -6.7526850e-05
   2.2740005e-04
  -1.1645270e-04
   1.3230517e-05
   5.4851330e-05
   1.5385619e-04
   5.6369697e-04
  -4.3534381e-05
   1.3277231e-04
   6.6596235e-04
   5.1675676e-05
   2.6185973e-04
   1.2052924e-04
   7.0807307e-04
   8.0802429e-04
   3.2438264e-04
  -1.5472157e-04
   1.0747656e-04
   8.1942181e-04
   3.9183693e-05
   6.2080879e-04
   6.7453835e-04
   7.2927003e-04
   7.9123044e-04
   4.2690702e-04
   3.2947779e-04
   7.5476409e-04
   6.3959921e-04
   1.1909507e-04
   8.1065760e-04
   6.4806280e-04
  -1.4722093e-04
  -7.7027571e-05
   4.4934205e-04
   1.6826317e-04
   6.1476664e-04
   6.0890977e-04
   5.8424519e-04
   5.5181276e-04
   4.7921823e-04
  -6.5715981e-05
   2.5647796e-04
   5.5338149e-04
   4.7945866e-04
   5.8591979e-04
   4.9924241e-04
   4.0295644e-04
   6.4292512e-04
   7.4061539e-04
   6.1451980e-04
   6.6435156e-04
  -7.5193999e-06
   4.2448128e-04
   7.8705933e-04
   7.4146066e-04
  -1.5545673e-04
   4.6655356e-04
   3.0007451e-04
  -1.5606522e-04
   4.1117505e-04
  -4.4935146e-05
   2.9802952e-04
   7.4038906e-04
   7.6518588e-04
   3.7970882e-04
   3.7468738e-04
  -6.0399285e-05
   1.3028035e-04
   5.5719055e-04
   1.4394710e-04
   2.6596461e-04
   6.2863016e-04
   7.5443016e-04
   1.6257877e-04
   3.0960556e-04
   6.3874807e-04
   6.0317697e-04
  -9.5587434e-05
   3.3351572e-04
   3.8253909e-04
   1.8299475e-04
   1.5351702e-04
   9.3310309e-06
   7.2655680e-04
   6.2671525e-04
   2.2391702e-04
   5.0058846e-04
   8.2557817e-05
   4.7924714e-04
   2.0237934e-04
   8.8967538e-05
   5.7857762e-04
   2.1613461e-04
   3.2824527e-04
   3.7349397e-04
   6.0118793e-04
   7.6171480e-04
  -1.1865888e-04
   4.8211560e-04
   2.0833090e-05
   1.3387533e-04
   1.0765608e-05
   4.4850157e-04
   6.6797571e-04
  -1.6606350e-04
   2.8928000e-04
   6.3085778e-04
   5.6881773e-04
   1.0694457e-04
   6.5523113e-04
   4.0703854e-04
   2.2811505e-04
  -1.0998840e-04
   4.3784829e-04
  -9.5739331e-05
   3.9044637e-04
  -5.8430780e-05
   7.7767047e-04
   3.4140357e-04
   6.9371555e-04
  -1.8689129e-06
   8.2010512e-04
  -6.6418186e-05
   2.0777532e-04
   5.7506317e-04
   3.9678671e-04
  -2.5677405e-06
   3.6752776e-04
   8.0982010e-04
   6.6761338e-04
  -4.5990275e-05
   3.1915617e-04
  -1.1810223e-04
   4.3539262e-04
   2.4656679e-04
   5.3645356e-04
   1.8828448e-04
  -1.4897238e-04
   3.8109553e-04
   3.2183607e-04
   3.5782098e-04
   2.2831346e-04
  -9.1299018e-05
   1.1351641e-04
   7.3407444e-04
   5.7620195e-04
   1.3807009e-04
   7.6858552e-04
   2.8059771e-04
   7.7602145e-05
  -9.5907602e-05
   8.2697242e-04
   3.8673700e-04
  -2.4148159e-05
   5.1329225e-04
   6.0596360e-04
  -3.4950322e-05
   3.5627631e-04
   3.4997617e-05
   3.4425659e-04
   6.5083570e-04
  -5.2454297e-05
  -1.5840440e-04
   3.7870988e-05
   1.0762840e-04
   4.5920224e-05
  -1.5393353e-04
   8.0262067e-04
   3.3227975e-04
   4.7298340e-04
   8.0290426e-04
   7.3335159e-04
   7.7556394e-04
   2.2862717e-04
   2.6146887e-04
  -9.7103165e-06
   2.6282005e-04
   3.3577700e-04
   3.5624276e-04
   7.7681603e-04
   6.7855521e-04
   6.0311589e-04
   4.7023315e-04
  -6.6912163e-05
   4.9142030e-04
   2.2010599e-04
  -1.6192331e-04
   4.8176727e-04
   8.3558210e-04
   3.8518901e-04
   6.7770201e-04
   5.3399606e-04
   5.9727072e-04
   1.8425058e-04
   6.8055396e-04
  -7.5175848e-05
   3.7937024e-04
   5.4235081e-04
   2.2896068e-04
   1.1586128e-04
   1.4152176e-04
   2.4789216e-04
   1.4060953e-04
  -1.3408430e-04
   6.2223829e-04
   5.5815781e-04
   2.5671184e-04
   6.1431003e-04
   6.7705136e-04
  -1.5146683e-04
  -1.4330346e-05
   3.1487012e-04
   2.9607691e-04
   8.2868575e-04
   7.2526142e-04
   5.3859518e-04
   6.4670573e-04
   2.2931739e-04
   2.4411465e-04
   3.7847675e-04
   2.7505218e-04
   9.8065785e-05
   8.2797172e-05
   8.1859262e-04
   8.1565542e-04
   7.2224466e-04
   6.6416993e-04
   7.5978125e-04
   7.7240818e-04
   6.1197821e-04
   5.3118489e-04
   8.0154412e-04
   1.0824461e-04
   9.1312568e-05
   5.1906905e-04
  -1.5056206e-04
  -1.4790029e-04
  -1.3008136e-04
   3.2630950e-04
   7.5140979e-04
   7.0583523e-04
   7.8020725e-04
   5.3236699e-05
   3.0155901e-04
   4.2877789e-04
   7.7136702e-04
   2.7862444e-04
   5.1767040e-04
   4.7518212e-04
   7.4475589e-04
  -5.7445917e-05
   5.7022843e-04
   4.8246004e-04
   2.8179961e-04
   8.0426297e-05
   6.8172477e-04
  -1.1003844e-04
  -9.0421083e-05
   1.3490532e-04
   2.3137992e-04
   2.0256802e-04
   5.7360552e-04
   2.8947268e-04
   2.5412114e-04
   7.6943331e-04
   3.8188311e-04
   4.8613393e-04
   4.0898607e-04
   4.7119245e-05
   4.8188882e-04
   5.2473736e-04
   4.0028710e-04
   4.0685314e-04
   4.5900366e-04
   6.6530581e-04
   4.5703648e-04
   1.6077335e-04
   4.4457765e-05
   1.0869426e-04
   1.2344340e-04
  -1.3419402e-04
   5.0995914e-04
   7.8453856e-04
  -6.2037779e-05
   6.4596466e-04
   4.2555198e-04
  -8.5058909e-05
   1.6514551e-04
   6.8984944e-04
   4.5384468e-04
   1.7415452e-04
   3.6023925e-04
   5.5389456e-04
  -4.6867492e-05
   6.2283595e-04
   2.6579785e-04
   2.2489251e-04
   6.8826369e-04
  -1.2922902e-04
   7.5998618e-04
  -1.0393653e-04
   1.0035879e-04
   1.4940042e-04
   5.7272587e-04
  -1.2327645e-04
   6.5651485e-04
   5.3100031e-04
   2.9004886e-04
   6.3407255e-04
   7.4476357e-04
   5.1211107e-04
   4.8971295e-04
  -8.3621134e-05
   6.6991253e-05
   1.7135261e-04
   2.4416150e-04
   5.0533830e-04
   8.1575296e-04
   4.7500927e-04
   3.2556929e-04
   3.7402134e-04
  -1.5853619e-04
   1.9869156e-04
   2.5354693e-04
   8.2211754e-05
   2.4606870e-04
   6.1339716e-04
   4.8442213e-04
   3.1402275e-04
   4.0484654e-04
   2.6697388e-04
   6.8568688e-04
   4.6637068e-05
   1.0997486e-04
   2.6542924e-04
   3.4227372e-04
  -1.2860745e-04
  -1.5966050e-04
   5.5141883e-05
  -8.5859046e-05
   3.7591623e-04
   3.6982391e-04
   3.7455840e-04
   6.6645072e-04
  -1.0649097e-05
  -4.7642244e-05
  -6.7393945e-05
   1.3097218e-04
  -5.1436659e-05
   1.5467355e-04
   7.8202325e-04
   1.0376364e-04
   3.2052070e-04
   3.3372432e-04
   6.0594482e-04
   4.3311335e-04
  -4.0154373e-05
   5.5413798e-04
   5.6417542e-04
   7.1830799e-04
   4.2013133e-04
   2.3047988e-04
   6.8843663e-04
   4.0676954e-04
   6.8790052e-04
  -9.1411269e-05
   3.8662796e-04
   9.0168682e-05
   2.5356739e-05
   6.1129776e-04
  -7.7955171e-05
   3.5995980e-04
   8.1995401e-04
   6.9774206e-05
   3.5100377e-04
   1.8295236e-04
   1.4341641e-04
   7.5891680e-04
   1.8414869e-04
   4.7563280e-04
   6.1186179e-04
   7.5809842e-04
   1.9898193e-04
   4.1078594e-04
   8.4244195e-06
   3.8979565e-04
   7.7784954e-04
   4.3279260e-04
  -1.3897012e-04
   2.3667996e-04
   4.3736557e-04
   9.2769132e-05
   5.7863641e-04
   6.0595009e-05
   4.1944730e-04
   4.9972710e-04
   5.6680867e-04
  -3.5254491e-05
  -4.6916948e-05
  -1.6410303e-04
   7.5080618e-04
  -9.5742166e-05
   3.7277557e-04
   5.4442614e-05
   2.1299339e-04
   1.7990989e-04
   2.5921275e-04
   7.7158527e-04
   3.7233660e-04
  -8.0652596e-05
   6.9637396e-04
   6.8242683e-04
   7.1113736e-04
   3.9933527e-04
   5.9448712e-04
  -1.4190365e-04
   5.1223824e-04
   7.5978772e-04
   2.2892004e-05
  -1.5600517e-04
   6.9318953e-04
   1.0406395e-04
   2.0704518e-04
   3.8793385e-04
   4.3685381e-04
   7.8627363e-04
  -1.7102098e-04
   5.0938854e-04
   7.4937199e-04
   2.6677157e-04
  -1.3958134e-04
  -2.9252219e-05
   5.1280636e-04
   5.2792692e-04
  -7.1269295e-06
   5.2766985e-05
   7.7894078e-04
   2.0929193e-04
   1.3657686e-04
   2.3463305e-04
  -2.5578141e-05
   2.7925231e-04
   7.9566648e-04
  -7.4458849e-05
   7.0830663e-05
   5.8047811e-04
   6.9326831e-04
   8.2661820e-04
   5.1554285e-04
   1.4551096e-04
  -1.5692622e-04
   3.7766496e-04
  -7.1996239e-05
   6.5734023e-04
   7.6207382e-04
   6.6119544e-04
   2.8206095e-04
   5.4787551e-04
   2.0864350e-04
   7.4582510e-04
   5.7404943e-04
   2.9922954e-04
  -1.1663138e-04
   7.7378288e-04
   7.7932189e-04
   7.2552248e-04
   6.1367357e-05
   5.0944491e-04
   2.5879536e-04
   4.5428400e-04
   4.7994751e-04
   7.6891253e-04
   5.5072393e-04
   7.5557552e-05
   4.5153975e-05
   9.6135972e-05
   6.4435672e-05
   4.9328837e-04
   3.8441063e-04
  -3.9376307e-05
   6.1394012e-04
   1.5684218e-04
   7.8590593e-04
   5.4436947e-04
   6.9230462e-04
   5.6253047e-04
   4.8367980e-04
   2.4284690e-04
   5.7871996e-04
   6.2962219e-04
  -1.0473298e-04
   7.2710610e-04
   7.5642886e-04
   7.7153898e-04
   5.7570394e-04
   3.7228082e-05
  -8.1881661e-05
   2.6312382e-04
   1.2194119e-04
   6.6190690e-05
   6.9213435e-04
   4.0202178e-04
   2.3010859e-04
   5.0206842e-04
   4.7666776e-04
   7.7994144e-04
   5.6331332e-04
   5.4693860e-04
   5.6122706e-04
  -5.6637401e-05
   5.4495869e-04
   7.8166525e-04
   5.7967650e-04
   1.9532793e-04
   3.1696945e-04
   6.3874755e-04
  -1.6159626e-04
  -1.3730074e-05
   5.1862321e-04
   3.5715606e-04
   4.7783204e-04
  -6.8119834e-05
   4.1336359e-05
   5.2859289e-04
   7.3279809e-04
  -1.5102702e-04
   4.3082163e-04
   7.5173217e-04
  -4.8225931e-05
  -5.6790865e-05
   6.3871981e-04
  -1.1479972e-04
   4.5370118e-04
   5.3143638e-04
   5.8130059e-04
  -1.5953378e-04
  -6.6129455e-05
   2.6249615e-04
   7.8452818e-04
   6.1014308e-04
   9.8653364e-05
   7.1813527e-04
   3.4326016e-04
   1.3957144e-04
   4.0711670e-04
   7.0892077e-04
   8.0816523e-04
   1.0760615e-05
   6.2712559e-05
   6.0877751e-04
   1.6024574e-04
   6.0756433e-04
   7.5372044e-04
  -1.4686341e-04
   2.7491098e-04
   1.2144842e-04
   3.0363263e-04
   7.4525571e-04
   6.4424768e-04
   7.0116665e-05
   7.3405355e-04
   3.7284890e-04
   6.9521345e-04
   6.3669347e-06
   3.5421334e-04
   4.2444151e-04
   3.9237996e-04
   9.7109617e-05
   7.3665177e-04
   2.8030297e-04
   6.2351846e-04
   3.4379090e-04
   4.8259387e-04
   2.8726503e-04
   2.5746520e-05
   4.5139097e-04
  -5.2293876e-05
  -1.0733911e-06
   6.3407691e-04
   7.8113902e-04
   1.7985825e-04
   5.5635193e-04
   5.6454412e-05
   2.9564040e-04
   6.4046082e-04
  -1.3913284e-04
   3.9230720e-04
  -8.0522357e-05
   1.2501977e-04
   1.0142300e-04
   6.9131407e-04
   1.1837266e-05
   5.4644002e-04
   6.7885429e-04
   2.7900750e-04
  -1.0314795e-04
   7.0611538e-04
   1.7528928e-04
   2.0471879e-04
